# System Parameters and Geometry:
# M_sun_g = 1.98847e+33
# year_s = 31557600.0
# m_H = 1.6735575e-24
# G_cgs = 6.6743e-08
# DAY = 86400.0
# G = 6.6743e-08
# M_ob = 4.374634e+34
# M_ns = 2.783858e+33
# R_ns = 1000000.0
# a_cm = 3613577355655.734
# a = 3613577355655.734
# e = 0.0898
# inclination_deg = 80.0
# R_star = 2100000000000.0
# Rsun = 70000000000.0
# omega_obs = 117.41
# omega_PL = 152.59
# Mdot_wind_msun_per_yr = 2e-06
# Mdot_wind_g_s = 1.2602162395112428e+20
# beta = 0.5
# phase_def = 0.5
# wake_factor_density = 30.0
# wake_extension = 0.3
# streamlines_rg_fac = 10.0
# roch_lobe_limit = 0.7
# zeta_def = 0.5
# along_streamlines = 0
# dynamic_width = 1
# wake_phase_width = 0.2
# streamlines_lim_def = 25000000000000.0
# map_n_pix = 400
# N_points_to_find_intersections_with_orbit = 200
# GEOMETRY = 2
# src = Vela X-1
# mob = 22.0
# Porb_day = 8.964
# wake_width_rg_fac = 10.0
# md_msunyr = 2e-6
# md_val = 2e-06
# Mdot_wind = 1.2602162395112428e+20
# NH_min_plot = 8e+21
# NH_max_plot = 3e+24
# move_zero_phase_to_mid_eclipse = True
# v_p = 52732586.569452114
# Msum = 3.105565005114e+27
# R_star_cm = 2100000000000.0
# R_max_def = 36135773556557.336
# v_inf = 170000000.0
# N_steps_from_observer = 1084
# ------------------------------
# phase  Nh_cm2  Nh_normalized Nh_normalized1
0.000000  3.638510e+22  2.968284e-01  9.894281e-04
0.008065  3.342552e+22  2.726842e-01  9.089475e-04
0.016129  3.091391e+22  2.521946e-01  8.406486e-04
0.024194  2.875445e+22  2.345778e-01  7.819260e-04
0.032258  2.687810e+22  2.192706e-01  7.309019e-04
0.040323  2.523349e+22  2.058539e-01  6.861797e-04
0.048387  2.378144e+22  1.940082e-01  6.466939e-04
0.056452  2.249143e+22  1.834843e-01  6.116143e-04
0.064516  2.133925e+22  1.740848e-01  5.802828e-04
0.072581  2.030542e+22  1.656509e-01  5.521698e-04
0.080645  1.937407e+22  1.580530e-01  5.268433e-04
0.088710  1.853210e+22  1.511842e-01  5.039474e-04
0.096774  1.776861e+22  1.449557e-01  4.831856e-04
0.104839  1.707443e+22  1.392926e-01  4.643088e-04
0.112903  1.644183e+22  1.341318e-01  4.471062e-04
0.120968  1.586418e+22  1.294194e-01  4.313980e-04
0.129032  1.533581e+22  1.251090e-01  4.170300e-04
0.137097  1.485184e+22  1.211608e-01  4.038692e-04
0.145161  1.440801e+22  1.175401e-01  3.918002e-04
0.153226  1.400064e+22  1.142168e-01  3.807225e-04
0.161290  1.362649e+22  1.111645e-01  3.705482e-04
0.169355  1.328273e+22  1.083600e-01  3.612001e-04
0.177419  1.296684e+22  1.057830e-01  3.526102e-04
0.185484  1.267663e+22  1.034155e-01  3.447184e-04
0.193548  1.241014e+22  1.012415e-01  3.374715e-04
0.201613  1.216562e+22  9.924674e-02  3.308225e-04
0.209677  1.194155e+22  9.741874e-02  3.247291e-04
0.217742  1.173654e+22  9.574628e-02  3.191543e-04
0.225806  1.154937e+22  9.421936e-02  3.140645e-04
0.233871  1.137895e+22  9.282909e-02  3.094303e-04
0.241935  1.122431e+22  9.156754e-02  3.052251e-04
0.250000  1.108458e+22  9.042764e-02  3.014255e-04
0.258065  1.095900e+22  8.940312e-02  2.980104e-04
0.266129  1.084687e+22  8.848840e-02  2.949613e-04
0.274194  1.074760e+22  8.767856e-02  2.922619e-04
0.282258  1.066066e+22  8.696926e-02  2.898975e-04
0.290323  1.058557e+22  8.635671e-02  2.878557e-04
0.298387  1.052194e+22  8.583760e-02  2.861253e-04
0.306452  1.046942e+22  8.540913e-02  2.846971e-04
0.314516  1.042771e+22  8.506890e-02  2.835630e-04
0.322581  1.039658e+22  8.481494e-02  2.827165e-04
0.330645  1.037583e+22  8.464569e-02  2.821523e-04
0.338710  1.036533e+22  8.455996e-02  2.818665e-04
0.346774  6.292458e+22  5.133365e-01  1.711122e-03
0.354839  1.219761e+23  9.950767e-01  3.316922e-03
0.362903  1.505100e+23  1.227856e+00  4.092852e-03
0.370968  1.505315e+23  1.228031e+00  4.093435e-03
0.379032  1.495380e+23  1.219926e+00  4.066420e-03
0.387097  1.486527e+23  1.212704e+00  4.042346e-03
0.395161  1.156529e+23  9.434922e-01  3.144974e-03
0.403226  9.455079e+22  7.713420e-01  2.571140e-03
0.411290  8.251202e+22  6.731302e-01  2.243767e-03
0.419355  7.385732e+22  6.025254e-01  2.008418e-03
0.427419  6.701772e+22  5.467283e-01  1.822428e-03
0.435484  6.232247e+22  5.084245e-01  1.694748e-03
0.443548  6.001875e+22  4.896309e-01  1.632103e-03
0.451613  5.509111e+22  4.494313e-01  1.498104e-03
0.459677  5.268443e+22  4.297977e-01  1.432659e-03
0.467742  5.024749e+22  4.099173e-01  1.366391e-03
0.475806  5.053806e+22  4.122877e-01  1.374292e-03
0.483871  4.808783e+22  3.922989e-01  1.307663e-03
0.491935  4.560198e+22  3.720194e-01  1.240065e-03
0.500000  4.596685e+22  3.749960e-01  1.249987e-03
0.508065  4.346050e+22  3.545492e-01  1.181831e-03
0.516129  4.387976e+22  3.579696e-01  1.193232e-03
0.524194  4.433942e+22  3.617194e-01  1.205731e-03
0.532258  4.182569e+22  3.412125e-01  1.137375e-03
0.540323  4.234281e+22  3.454312e-01  1.151437e-03
0.548387  4.290516e+22  3.500188e-01  1.166729e-03
0.556452  4.351565e+22  3.549992e-01  1.183331e-03
0.564516  4.417761e+22  3.603994e-01  1.201331e-03
0.572581  4.169573e+22  3.401523e-01  1.133841e-03
0.580645  4.243374e+22  3.461730e-01  1.153910e-03
0.588710  4.323387e+22  3.527004e-01  1.175668e-03
0.596774  1.748711e+22  1.426592e-01  4.755307e-04
0.604839  1.817644e+22  1.482827e-01  4.942758e-04
0.612903  1.893219e+22  1.544482e-01  5.148272e-04
0.620968  1.976315e+22  1.612271e-01  5.374236e-04
0.629032  2.067976e+22  1.687048e-01  5.623492e-04
0.637097  2.169457e+22  1.769836e-01  5.899452e-04
0.645161  2.282278e+22  1.861875e-01  6.206248e-04
0.653226  2.408302e+22  1.964684e-01  6.548947e-04
0.661290  2.549838e+22  2.080149e-01  6.933829e-04
0.669355  2.709794e+22  2.210641e-01  7.368802e-04
0.677419  2.891892e+22  2.359195e-01  7.863984e-04
0.685484  3.100989e+22  2.529776e-01  8.432588e-04
0.693548  3.343588e+22  2.727687e-01  9.092290e-04
0.701613  3.628647e+22  2.960238e-01  9.867459e-04
0.709677  3.968999e+22  3.237895e-01  1.079298e-03
0.717742  4.383952e+22  3.576413e-01  1.192138e-03
0.725806  4.904611e+22  4.001164e-01  1.333721e-03
0.733871  5.586278e+22  4.557266e-01  1.519089e-03
0.741935  6.543945e+22  5.338528e-01  1.779509e-03
0.750000  8.097832e+22  6.606183e-01  2.202061e-03
0.758065  1.244518e+23  1.015273e+00  3.384244e-03
0.766129  nan  nan  nan
0.774194  nan  nan  nan
0.782258  nan  nan  nan
0.790323  nan  nan  nan
0.798387  nan  nan  nan
0.806452  nan  nan  nan
0.814516  nan  nan  nan
0.822581  nan  nan  nan
0.830645  nan  nan  nan
0.838710  nan  nan  nan
0.846774  nan  nan  nan
0.854839  nan  nan  nan
0.862903  nan  nan  nan
0.870968  nan  nan  nan
0.879032  nan  nan  nan
0.887097  nan  nan  nan
0.895161  nan  nan  nan
0.903226  nan  nan  nan
0.911290  nan  nan  nan
0.919355  nan  nan  nan
0.927419  nan  nan  nan
0.935484  nan  nan  nan
0.943548  1.945864e+23  1.587429e+00  5.291431e-03
0.951613  8.517375e+22  6.948445e-01  2.316148e-03
0.959677  6.742067e+22  5.500155e-01  1.833385e-03
0.967742  5.701826e+22  4.651530e-01  1.550510e-03
0.975806  4.975971e+22  4.059380e-01  1.353127e-03
0.983871  4.427411e+22  3.611867e-01  1.203956e-03
0.991935  3.993104e+22  3.257561e-01  1.085854e-03
1.000000  3.638510e+22  2.968284e-01  9.894281e-04
