# System Parameters and Geometry:
# M_sun_g = 1.98847e+33
# year_s = 31557600.0
# m_H = 1.6735575e-24
# G_cgs = 6.6743e-08
# DAY = 86400.0
# G = 6.6743e-08
# M_ob = 4.374634e+34
# M_ns = 2.783858e+33
# R_ns = 1000000.0
# a_cm = 3613577355655.734
# a = 3613577355655.734
# e = 0.0898
# inclination_deg = 80.0
# R_star = 2100000000000.0
# Rsun = 70000000000.0
# omega_obs = 117.41
# omega_PL = 152.59
# Mdot_wind_msun_per_yr = 7.000000000000001e-07
# Mdot_wind_g_s = 4.410756838289351e+19
# beta = 1.0
# phase_def = 0.5
# wake_factor_density = 30.0
# wake_extension = 0.9
# streamlines_rg_fac = 10.0
# roch_lobe_limit = 0.7
# zeta_def = 0.5
# along_streamlines = 0
# dynamic_width = 1
# wake_phase_width = 0.2
# streamlines_lim_def = 25000000000000.0
# map_n_pix = 400
# N_points_to_find_intersections_with_orbit = 200
# GEOMETRY = 1
# src = Vela X-1
# mob = 22.0
# Porb_day = 8.964
# wake_width_rg_fac = 10.0
# md_msunyr = 7e-7
# md_val = 7e-07
# Mdot_wind = 4.410756838289351e+19
# NH_min_plot = 8e+21
# NH_max_plot = 3e+24
# move_zero_phase_to_mid_eclipse = True
# v_p = 52732586.569452114
# Msum = 3.105565005114e+27
# R_star_cm = 2100000000000.0
# R_max_def = 36135773556557.336
# v_inf = 70000000.0
# N_steps_from_observer = 1084
# ------------------------------
# phase  Nh_cm2  Nh_normalized Nh_normalized1
0.000000  5.175434e+22  4.967178e-01  1.655726e-03
0.008065  4.625246e+22  4.439129e-01  1.479710e-03
0.016129  4.175552e+22  4.007530e-01  1.335843e-03
0.024194  3.803054e+22  3.650021e-01  1.216674e-03
0.032258  5.158003e+23  4.950448e+00  1.650149e-02
0.040323  4.698921e+23  4.509840e+00  1.503280e-02
0.048387  4.352241e+23  4.177109e+00  1.392370e-02
0.056452  4.002272e+23  3.841223e+00  1.280408e-02
0.064516  3.737013e+23  3.586638e+00  1.195546e-02
0.072581  3.460475e+23  3.321227e+00  1.107076e-02
0.080645  3.251310e+23  3.120479e+00  1.040160e-02
0.088710  3.063015e+23  2.939761e+00  9.799204e-03
0.096774  2.926575e+23  2.808812e+00  9.362705e-03
0.104839  2.771201e+23  2.659690e+00  8.865632e-03
0.112903  2.659859e+23  2.552828e+00  8.509425e-03
0.120968  2.557638e+23  2.454720e+00  8.182400e-03
0.129032  2.436359e+23  2.338322e+00  7.794406e-03
0.137097  2.351081e+23  2.256475e+00  7.521582e-03
0.145161  2.297177e+23  2.204740e+00  7.349133e-03
0.153226  2.223445e+23  2.133975e+00  7.113251e-03
0.161290  2.155311e+23  2.068583e+00  6.895275e-03
0.169355  2.113885e+23  2.028823e+00  6.762744e-03
0.177419  2.054835e+23  1.972150e+00  6.573834e-03
0.185484  2.020024e+23  1.938740e+00  6.462466e-03
0.193548  1.987778e+23  1.907791e+00  6.359303e-03
0.201613  1.958006e+23  1.879217e+00  6.264056e-03
0.209677  1.947683e+23  1.869310e+00  6.231033e-03
0.217742  1.921933e+23  1.844596e+00  6.148653e-03
0.225806  1.914012e+23  1.836993e+00  6.123311e-03
0.233871  1.906986e+23  1.830250e+00  6.100834e-03
0.241935  1.900964e+23  1.824470e+00  6.081568e-03
0.250000  1.896037e+23  1.819741e+00  6.065804e-03
0.258065  1.904966e+23  1.828311e+00  6.094371e-03
0.266129  1.901942e+23  1.825409e+00  6.084697e-03
0.274194  1.911814e+23  1.834884e+00  6.116280e-03
0.282258  1.932950e+23  1.855169e+00  6.183898e-03
0.290323  1.943352e+23  1.865153e+00  6.217177e-03
0.298387  1.964344e+23  1.885300e+00  6.284332e-03
0.306452  1.994531e+23  1.914272e+00  6.380908e-03
0.314516  2.024028e+23  1.942583e+00  6.475276e-03
0.322581  2.053232e+23  1.970611e+00  6.568704e-03
0.330645  2.082490e+23  1.998692e+00  6.662307e-03
0.338710  2.119309e+23  2.034030e+00  6.780099e-03
0.346774  2.162723e+23  2.075696e+00  6.918986e-03
0.354839  2.205602e+23  2.116849e+00  7.056165e-03
0.362903  2.254269e+23  2.163559e+00  7.211863e-03
0.370968  2.302578e+23  2.209923e+00  7.366411e-03
0.379032  2.356116e+23  2.261307e+00  7.537690e-03
0.387097  2.409604e+23  2.312643e+00  7.708811e-03
0.395161  2.467980e+23  2.368670e+00  7.895567e-03
0.403226  2.530830e+23  2.428991e+00  8.096637e-03
0.411290  2.594028e+23  2.489646e+00  8.298819e-03
0.419355  2.658139e+23  2.551177e+00  8.503922e-03
0.427419  2.730316e+23  2.620450e+00  8.734832e-03
0.435484  2.800479e+23  2.687790e+00  8.959299e-03
0.443548  2.878455e+23  2.762627e+00  9.208758e-03
0.451613  2.955595e+23  2.836663e+00  9.455545e-03
0.459677  3.038026e+23  2.915777e+00  9.719258e-03
0.467742  3.125812e+23  3.000032e+00  1.000011e-02
0.475806  3.216917e+23  3.087470e+00  1.029157e-02
0.483871  3.314015e+23  3.180661e+00  1.060220e-02
0.491935  3.415467e+23  3.278030e+00  1.092677e-02
0.500000  3.521984e+23  3.380261e+00  1.126754e-02
0.508065  3.635978e+23  3.489668e+00  1.163223e-02
0.516129  3.756364e+23  3.605210e+00  1.201737e-02
0.524194  3.884013e+23  3.727722e+00  1.242574e-02
0.532258  4.019871e+23  3.858113e+00  1.286038e-02
0.540323  4.166291e+23  3.998642e+00  1.332881e-02
0.548387  4.322972e+23  4.149018e+00  1.383006e-02
0.556452  4.491229e+23  4.310504e+00  1.436835e-02
0.564516  4.673658e+23  4.485593e+00  1.495198e-02
0.572581  4.869687e+23  4.673733e+00  1.557911e-02
0.580645  5.083438e+23  4.878883e+00  1.626294e-02
0.588710  5.316092e+23  5.102176e+00  1.700725e-02
0.596774  5.570330e+23  5.346183e+00  1.782061e-02
0.604839  5.023310e+23  4.821175e+00  1.607058e-02
0.612903  4.530189e+23  4.347897e+00  1.449299e-02
0.620968  4.281260e+23  4.108984e+00  1.369661e-02
0.629032  4.126847e+23  3.960785e+00  1.320262e-02
0.637097  8.863561e+22  8.506897e-01  2.835632e-03
0.645161  8.394787e+22  8.056986e-01  2.685662e-03
0.653226  8.055941e+22  7.731774e-01  2.577258e-03
0.661290  7.834057e+22  7.518819e-01  2.506273e-03
0.669355  7.690843e+22  7.381368e-01  2.460456e-03
0.677419  7.627786e+22  7.320849e-01  2.440283e-03
0.685484  7.672117e+22  7.363396e-01  2.454465e-03
0.693548  7.804762e+22  7.490703e-01  2.496901e-03
0.701613  8.056671e+22  7.732476e-01  2.577492e-03
0.709677  8.467873e+22  8.127131e-01  2.709044e-03
0.717742  9.081668e+22  8.716227e-01  2.905409e-03
0.725806  1.000317e+23  9.600646e-01  3.200215e-03
0.733871  1.144651e+23  1.098591e+00  3.661970e-03
0.741935  1.394555e+23  1.338439e+00  4.461464e-03
0.750000  1.933001e+23  1.855219e+00  6.184062e-03
0.758065  4.865359e+23  4.669580e+00  1.556527e-02
0.766129  nan  nan  nan
0.774194  nan  nan  nan
0.782258  nan  nan  nan
0.790323  nan  nan  nan
0.798387  nan  nan  nan
0.806452  nan  nan  nan
0.814516  nan  nan  nan
0.822581  nan  nan  nan
0.830645  nan  nan  nan
0.838710  nan  nan  nan
0.846774  nan  nan  nan
0.854839  nan  nan  nan
0.862903  nan  nan  nan
0.870968  nan  nan  nan
0.879032  nan  nan  nan
0.887097  nan  nan  nan
0.895161  nan  nan  nan
0.903226  nan  nan  nan
0.911290  nan  nan  nan
0.919355  nan  nan  nan
0.927419  nan  nan  nan
0.935484  nan  nan  nan
0.943548  2.226752e+24  2.137149e+01  7.123831e-02
0.951613  1.993976e+23  1.913739e+00  6.379131e-03
0.959677  1.293657e+23  1.241601e+00  4.138671e-03
0.967742  9.840940e+22  9.444947e-01  3.148316e-03
0.975806  8.009074e+22  7.686794e-01  2.562265e-03
0.983871  6.770944e+22  6.498485e-01  2.166162e-03
0.991935  5.866892e+22  5.630812e-01  1.876937e-03
1.000000  5.175434e+22  4.967178e-01  1.655726e-03
