# System Parameters and Geometry:
# M_sun_g = 1.98847e+33
# year_s = 31557600.0
# m_H = 1.6735575e-24
# G_cgs = 6.6743e-08
# DAY = 86400.0
# G = 6.6743e-08
# M_ob = 9.942349999999999e+34
# M_ns = 2.783858e+33
# R_ns = 1000000.0
# a_cm = 13041911082434.162
# a = 13041911082434.162
# e = 0.462
# inclination_deg = 55.0
# R_star = 4340000000000.0
# Rsun = 70000000000.0
# omega_obs = 310.4
# Mdot_wind_msun_per_yr = 1e-05
# Mdot_wind_g_s = 6.301081197556215e+20
# beta = 1.75
# phase_def = 0.5
# wake_factor_density = 3.0
# wake_extension = 0.1
# streamlines_rg_fac = 10.0
# roch_lobe_limit = 0.7
# zeta_def = 0.5
# along_streamlines = 0
# dynamic_width = 1
# wake_phase_width = 0.2
# streamlines_lim_def = 25000000000000.0
# map_n_pix = 400
# N_points_to_find_intersections_with_orbit = 200
# GEOMETRY = 2
# src = GX 301−2
# mob = 50.0
# Porb_day = 41.47
# md_msunyr = 1e-5
# md_val = 1e-05
# Mdot_wind = 6.301081197556215e+20
# v_p = 55299030.66833218
# Msum = 6.821625694994001e+27
# R_star_cm = 4340000000000.0
# R_max_def = 130419110824341.62
# v_inf = 30500000.0
# N_steps_from_observer = 3912
# ------------------------------
# phase  Nh_cm2  Nh_normalized Nh_normalized1
0.000000  4.092236e+23  4.323419e-01  1.441140e-02
0.008065  4.355311e+23  4.601355e-01  1.533785e-02
0.016129  4.607009e+23  4.867273e-01  1.622424e-02
0.024194  4.846172e+23  5.119947e-01  1.706649e-02
0.032258  5.075059e+23  5.361764e-01  1.787255e-02
0.040323  5.298090e+23  5.597395e-01  1.865798e-02
0.048387  8.689061e+23  9.179933e-01  3.059978e-02
0.056452  1.113128e+24  1.176012e+00  3.920041e-02
0.064516  1.098382e+24  1.160432e+00  3.868108e-02
0.072581  6.223639e+23  6.575231e-01  2.191744e-02
0.080645  6.477062e+23  6.842971e-01  2.280990e-02
0.088710  6.739567e+23  7.120305e-01  2.373435e-02
0.096774  7.008491e+23  7.404422e-01  2.468141e-02
0.104839  7.279536e+23  7.690779e-01  2.563593e-02
0.112903  7.546775e+23  7.973115e-01  2.657705e-02
0.120968  7.802751e+23  8.243552e-01  2.747851e-02
0.129032  8.038723e+23  8.492855e-01  2.830952e-02
0.137097  8.245118e+23  8.710910e-01  2.903637e-02
0.145161  8.412205e+23  8.887436e-01  2.962479e-02
0.153226  8.530960e+23  9.012899e-01  3.004300e-02
0.161290  8.594024e+23  9.079526e-01  3.026509e-02
0.169355  8.596586e+23  9.082233e-01  3.027411e-02
0.177419  8.537015e+23  9.019297e-01  3.006432e-02
0.185484  8.417091e+23  8.892598e-01  2.964199e-02
0.193548  8.241780e+23  8.707383e-01  2.902461e-02
0.201613  8.018603e+23  8.471598e-01  2.823866e-02
0.209677  7.756742e+23  8.194944e-01  2.731648e-02
0.217742  7.466078e+23  7.887859e-01  2.629286e-02
0.225806  7.156315e+23  7.560597e-01  2.520199e-02
0.233871  6.836316e+23  7.222521e-01  2.407507e-02
0.241935  6.513691e+23  6.881669e-01  2.293890e-02
0.250000  6.194605e+23  6.544557e-01  2.181519e-02
0.258065  5.883782e+23  6.216175e-01  2.072058e-02
0.266129  5.584626e+23  5.900118e-01  1.966706e-02
0.274194  5.299404e+23  5.598783e-01  1.866261e-02
0.282258  5.029461e+23  5.313591e-01  1.771197e-02
0.290323  4.775421e+23  5.045199e-01  1.681733e-02
0.298387  4.537369e+23  4.793699e-01  1.597900e-02
0.306452  4.315005e+23  4.558772e-01  1.519591e-02
0.314516  4.107764e+23  4.339824e-01  1.446608e-02
0.322581  3.914917e+23  4.136083e-01  1.378694e-02
0.330645  3.735637e+23  3.946674e-01  1.315558e-02
0.338710  3.569052e+23  3.770678e-01  1.256893e-02
0.346774  3.414284e+23  3.607167e-01  1.202389e-02
0.354839  3.270473e+23  3.455232e-01  1.151744e-02
0.362903  3.136794e+23  3.314001e-01  1.104667e-02
0.370968  3.012465e+23  3.182649e-01  1.060883e-02
0.379032  2.896756e+23  3.060402e-01  1.020134e-02
0.387097  2.788986e+23  2.946544e-01  9.821813e-03
0.395161  2.688528e+23  2.840411e-01  9.468037e-03
0.403226  2.594806e+23  2.741395e-01  9.137982e-03
0.411290  2.507292e+23  2.648936e-01  8.829787e-03
0.419355  2.425501e+23  2.562525e-01  8.541750e-03
0.427419  2.348994e+23  2.481695e-01  8.272318e-03
0.435484  2.277367e+23  2.406023e-01  8.020076e-03
0.443548  2.210256e+23  2.335120e-01  7.783733e-03
0.451613  2.147326e+23  2.268635e-01  7.562115e-03
0.459677  2.088273e+23  2.206246e-01  7.354154e-03
0.467742  2.032822e+23  2.147662e-01  7.158875e-03
0.475806  1.980721e+23  2.092618e-01  6.975392e-03
0.483871  1.931740e+23  2.040869e-01  6.802898e-03
0.491935  1.885670e+23  1.992197e-01  6.640658e-03
0.500000  1.842322e+23  1.946401e-01  6.488002e-03
0.508065  1.801522e+23  1.903296e-01  6.344319e-03
0.516129  1.763112e+23  1.862716e-01  6.209053e-03
0.524194  1.726949e+23  1.824509e-01  6.081697e-03
0.532258  1.692899e+23  1.788536e-01  5.961788e-03
0.540323  1.660845e+23  1.754672e-01  5.848905e-03
0.548387  1.630678e+23  1.722799e-01  5.742665e-03
0.556452  1.602297e+23  1.692816e-01  5.642718e-03
0.564516  1.575613e+23  1.664625e-01  5.548748e-03
0.572581  1.550545e+23  1.638140e-01  5.460467e-03
0.580645  1.527018e+23  1.613284e-01  5.377614e-03
0.588710  1.504966e+23  1.589986e-01  5.299955e-03
0.596774  1.484329e+23  1.568183e-01  5.227278e-03
0.604839  1.465053e+23  1.547818e-01  5.159394e-03
0.612903  1.447090e+23  1.528841e-01  5.096135e-03
0.620968  1.430399e+23  1.511207e-01  5.037355e-03
0.629032  1.414943e+23  1.494878e-01  4.982925e-03
0.637097  1.400691e+23  1.479821e-01  4.932735e-03
0.645161  1.387618e+23  1.466009e-01  4.886695e-03
0.653226  1.375702e+23  1.453419e-01  4.844732e-03
0.661290  1.364928e+23  1.442037e-01  4.806789e-03
0.669355  1.355285e+23  1.431849e-01  4.772830e-03
0.677419  1.346768e+23  1.422851e-01  4.742837e-03
0.685484  1.339377e+23  1.415043e-01  4.716809e-03
0.693548  1.333118e+23  1.408430e-01  4.694766e-03
0.701613  1.328002e+23  1.403025e-01  4.676749e-03
0.709677  1.324046e+23  1.398846e-01  4.662819e-03
0.717742  1.321276e+23  1.395919e-01  4.653064e-03
0.725806  1.319723e+23  1.394279e-01  4.647595e-03
0.733871  1.319427e+23  1.393966e-01  4.646552e-03
0.741935  1.320437e+23  1.395032e-01  4.650108e-03
0.750000  1.322810e+23  1.397540e-01  4.658467e-03
0.758065  1.326618e+23  1.401563e-01  4.671876e-03
0.766129  1.331942e+23  1.407188e-01  4.690626e-03
0.774194  1.338880e+23  1.414518e-01  4.715059e-03
0.782258  1.347545e+23  1.423672e-01  4.745574e-03
0.790323  1.358071e+23  1.434792e-01  4.782641e-03
0.798387  1.370613e+23  1.448043e-01  4.826809e-03
0.806452  1.385352e+23  1.463615e-01  4.878717e-03
0.814516  1.402503e+23  1.481735e-01  4.939117e-03
0.822581  1.422316e+23  1.502667e-01  5.008889e-03
0.830645  1.445083e+23  1.526720e-01  5.089067e-03
0.838710  1.471151e+23  1.554261e-01  5.180870e-03
0.846774  1.500929e+23  1.585721e-01  5.285737e-03
0.854839  1.534900e+23  1.621611e-01  5.405371e-03
0.862903  1.573639e+23  1.662538e-01  5.541794e-03
0.870968  1.617827e+23  1.709223e-01  5.697410e-03
0.879032  1.668279e+23  1.762525e-01  5.875082e-03
0.887097  1.725962e+23  1.823467e-01  6.078223e-03
0.895161  1.792029e+23  1.893266e-01  6.310888e-03
0.903226  1.867845e+23  1.973365e-01  6.577884e-03
0.911290  1.955012e+23  2.065457e-01  6.884856e-03
0.919355  2.055387e+23  2.171502e-01  7.238340e-03
0.927419  2.171066e+23  2.293716e-01  7.645721e-03
0.935484  2.304325e+23  2.434504e-01  8.115012e-03
0.943548  2.457469e+23  2.596299e-01  8.654329e-03
0.951613  2.632543e+23  2.781264e-01  9.270879e-03
0.959677  2.830875e+23  2.990800e-01  9.969332e-03
0.967742  3.052426e+23  3.224866e-01  1.074955e-02
0.975806  3.295085e+23  3.481234e-01  1.160411e-02
0.983871  3.554185e+23  3.754972e-01  1.251657e-02
0.991935  3.822668e+23  4.038622e-01  1.346207e-02
1.000000  4.092236e+23  4.323419e-01  1.441140e-02
