# System Parameters and Geometry:
# M_sun_g = 1.98847e+33
# year_s = 31557600.0
# m_H = 1.6735575e-24
# G_cgs = 6.6743e-08
# DAY = 86400.0
# G = 6.6743e-08
# M_ob = 9.942349999999999e+34
# M_ns = 2.783858e+33
# R_ns = 1000000.0
# a_cm = 13041911082434.162
# a = 13041911082434.162
# e = 0.462
# inclination_deg = 55.0
# R_star = 4340000000000.0
# Rsun = 70000000000.0
# omega_obs = 310.4
# Mdot_wind_msun_per_yr = 1e-05
# Mdot_wind_g_s = 6.301081197556215e+20
# beta = 1.75
# phase_def = 0.5
# wake_factor_density = 3.0
# wake_extension = 0.1
# streamlines_rg_fac = 10.0
# roch_lobe_limit = 0.7
# zeta_def = 0.5
# along_streamlines = 0
# dynamic_width = 1
# wake_phase_width = 0.2
# streamlines_lim_def = 25000000000000.0
# map_n_pix = 400
# N_points_to_find_intersections_with_orbit = 200
# GEOMETRY = 1
# src = GX 301−2
# mob = 50.0
# Porb_day = 41.47
# md_msunyr = 1e-5
# md_val = 1e-05
# Mdot_wind = 6.301081197556215e+20
# v_p = 55299030.66833218
# Msum = 6.821625694994001e+27
# R_star_cm = 4340000000000.0
# R_max_def = 130419110824341.62
# v_inf = 30500000.0
# N_steps_from_observer = 3912
# ------------------------------
# phase  Nh_cm2  Nh_normalized Nh_normalized1
0.000000  5.797688e+23  6.125217e-01  2.041739e-02
0.008065  6.386979e+23  6.747799e-01  2.249266e-02
0.016129  7.051834e+23  7.450213e-01  2.483404e-02
0.024194  7.936108e+23  8.384443e-01  2.794814e-02
0.032258  9.085472e+23  9.598738e-01  3.199579e-02
0.040323  1.049798e+24  1.109104e+00  3.697014e-02
0.048387  1.123524e+24  1.186995e+00  3.956651e-02
0.056452  1.113128e+24  1.176012e+00  3.920041e-02
0.064516  1.098382e+24  1.160432e+00  3.868108e-02
0.072581  6.223639e+23  6.575231e-01  2.191744e-02
0.080645  6.477062e+23  6.842971e-01  2.280990e-02
0.088710  6.739567e+23  7.120305e-01  2.373435e-02
0.096774  7.008491e+23  7.404422e-01  2.468141e-02
0.104839  7.279536e+23  7.690779e-01  2.563593e-02
0.112903  7.546775e+23  7.973115e-01  2.657705e-02
0.120968  7.802751e+23  8.243552e-01  2.747851e-02
0.129032  8.038723e+23  8.492855e-01  2.830952e-02
0.137097  8.245118e+23  8.710910e-01  2.903637e-02
0.145161  8.412205e+23  8.887436e-01  2.962479e-02
0.153226  8.530960e+23  9.012899e-01  3.004300e-02
0.161290  8.594024e+23  9.079526e-01  3.026509e-02
0.169355  8.596586e+23  9.082233e-01  3.027411e-02
0.177419  8.537015e+23  9.019297e-01  3.006432e-02
0.185484  8.417091e+23  8.892598e-01  2.964199e-02
0.193548  8.241780e+23  8.707383e-01  2.902461e-02
0.201613  8.018603e+23  8.471598e-01  2.823866e-02
0.209677  7.756742e+23  8.194944e-01  2.731648e-02
0.217742  7.466078e+23  7.887859e-01  2.629286e-02
0.225806  7.156315e+23  7.560597e-01  2.520199e-02
0.233871  6.836316e+23  7.222521e-01  2.407507e-02
0.241935  6.513691e+23  6.881669e-01  2.293890e-02
0.250000  6.194605e+23  6.544557e-01  2.181519e-02
0.258065  5.883782e+23  6.216175e-01  2.072058e-02
0.266129  5.584626e+23  5.900118e-01  1.966706e-02
0.274194  5.299404e+23  5.598783e-01  1.866261e-02
0.282258  5.029461e+23  5.313591e-01  1.771197e-02
0.290323  4.775421e+23  5.045199e-01  1.681733e-02
0.298387  4.537369e+23  4.793699e-01  1.597900e-02
0.306452  4.315005e+23  4.558772e-01  1.519591e-02
0.314516  4.107764e+23  4.339824e-01  1.446608e-02
0.322581  3.914917e+23  4.136083e-01  1.378694e-02
0.330645  3.735637e+23  3.946674e-01  1.315558e-02
0.338710  3.569052e+23  3.770678e-01  1.256893e-02
0.346774  3.414284e+23  3.607167e-01  1.202389e-02
0.354839  3.270473e+23  3.455232e-01  1.151744e-02
0.362903  3.136794e+23  3.314001e-01  1.104667e-02
0.370968  3.012465e+23  3.182649e-01  1.060883e-02
0.379032  2.896756e+23  3.060402e-01  1.020134e-02
0.387097  2.788986e+23  2.946544e-01  9.821813e-03
0.395161  2.688528e+23  2.840411e-01  9.468037e-03
0.403226  2.594806e+23  2.741395e-01  9.137982e-03
0.411290  2.507292e+23  2.648936e-01  8.829787e-03
0.419355  2.425501e+23  2.562525e-01  8.541750e-03
0.427419  2.348994e+23  2.481695e-01  8.272318e-03
0.435484  2.277367e+23  2.406023e-01  8.020076e-03
0.443548  2.210256e+23  2.335120e-01  7.783733e-03
0.451613  2.147326e+23  2.268635e-01  7.562115e-03
0.459677  2.088273e+23  2.206246e-01  7.354154e-03
0.467742  2.032822e+23  2.147662e-01  7.158875e-03
0.475806  1.980721e+23  2.092618e-01  6.975392e-03
0.483871  1.931740e+23  2.040869e-01  6.802898e-03
0.491935  1.885670e+23  1.992197e-01  6.640658e-03
0.500000  1.842322e+23  1.946401e-01  6.488002e-03
0.508065  1.801522e+23  1.903296e-01  6.344319e-03
0.516129  1.763112e+23  1.862716e-01  6.209053e-03
0.524194  1.726949e+23  1.824509e-01  6.081697e-03
0.532258  1.692899e+23  1.788536e-01  5.961788e-03
0.540323  1.660845e+23  1.754672e-01  5.848905e-03
0.548387  1.630678e+23  1.722799e-01  5.742665e-03
0.556452  1.602297e+23  1.692816e-01  5.642718e-03
0.564516  1.575613e+23  1.664625e-01  5.548748e-03
0.572581  1.550545e+23  1.638140e-01  5.460467e-03
0.580645  2.488833e+23  2.629435e-01  8.764782e-03
0.588710  2.451237e+23  2.589715e-01  8.632382e-03
0.596774  2.416272e+23  2.552775e-01  8.509250e-03
0.604839  2.387323e+23  2.522190e-01  8.407300e-03
0.612903  2.357295e+23  2.490465e-01  8.301551e-03
0.620968  2.329625e+23  2.461233e-01  8.204109e-03
0.629032  2.304246e+23  2.434420e-01  8.114733e-03
0.637097  2.284515e+23  2.413574e-01  8.045246e-03
0.645161  2.263548e+23  2.391423e-01  7.971410e-03
0.653226  2.244737e+23  2.371549e-01  7.905162e-03
0.661290  2.231459e+23  2.357521e-01  7.858404e-03
0.669355  2.216899e+23  2.342138e-01  7.807126e-03
0.677419  2.204453e+23  2.328990e-01  7.763299e-03
0.685484  2.194131e+23  2.318084e-01  7.726948e-03
0.693548  2.185952e+23  2.309443e-01  7.698143e-03
0.701613  2.179946e+23  2.303098e-01  7.676994e-03
0.709677  2.172641e+23  2.295380e-01  7.651267e-03
0.717742  2.171096e+23  2.293748e-01  7.645827e-03
0.725806  2.168294e+23  2.290787e-01  7.635957e-03
0.733871  2.167824e+23  2.290291e-01  7.634303e-03
0.741935  2.169777e+23  2.292354e-01  7.641182e-03
0.750000  2.170454e+23  2.293069e-01  7.643564e-03
0.758065  2.173619e+23  2.296413e-01  7.654711e-03
0.766129  2.179396e+23  2.302516e-01  7.675055e-03
0.774194  2.183803e+23  2.307173e-01  7.690576e-03
0.782258  2.195138e+23  2.319148e-01  7.730494e-03
0.790323  2.205175e+23  2.329752e-01  7.765841e-03
0.798387  2.213613e+23  2.338666e-01  7.795555e-03
0.806452  2.229671e+23  2.355632e-01  7.852106e-03
0.814516  2.244099e+23  2.370875e-01  7.902917e-03
0.822581  2.261678e+23  2.389447e-01  7.964822e-03
0.830645  2.282593e+23  2.411543e-01  8.038478e-03
0.838710  2.307039e+23  2.437371e-01  8.124570e-03
0.846774  2.335214e+23  2.467137e-01  8.223789e-03
0.854839  2.367296e+23  2.501032e-01  8.336772e-03
0.862903  2.403428e+23  2.539205e-01  8.464016e-03
0.870968  2.443671e+23  2.581721e-01  8.605737e-03
0.879032  2.497168e+23  2.638240e-01  8.794134e-03
0.887097  2.556441e+23  2.700862e-01  9.002872e-03
0.895161  2.621443e+23  2.769537e-01  9.231789e-03
0.903226  2.704657e+23  2.857451e-01  9.524838e-03
0.911290  2.810304e+23  2.969066e-01  9.896888e-03
0.919355  2.927216e+23  3.092583e-01  1.030861e-02
0.927419  3.054987e+23  3.227572e-01  1.075857e-02
0.935484  3.214118e+23  3.395693e-01  1.131898e-02
0.943548  3.411872e+23  3.604619e-01  1.201540e-02
0.951613  3.627166e+23  3.832076e-01  1.277359e-02
0.959677  3.889192e+23  4.108904e-01  1.369635e-02
0.967742  4.165601e+23  4.400928e-01  1.466976e-02
0.975806  4.488767e+23  4.742351e-01  1.580784e-02
0.983871  4.857386e+23  5.131795e-01  1.710598e-02
0.991935  5.314331e+23  5.614553e-01  1.871518e-02
1.000000  5.797688e+23  6.125217e-01  2.041739e-02
