# System Parameters and Geometry:
# M_sun_g = 1.98847e+33
# year_s = 31557600.0
# m_H = 1.6735575e-24
# G_cgs = 6.6743e-08
# DAY = 86400.0
# G = 6.6743e-08
# M_ob = 9.942349999999999e+34
# M_ns = 2.783858e+33
# R_ns = 1000000.0
# a_cm = 13041911082434.162
# a = 13041911082434.162
# e = 0.462
# inclination_deg = 55.0
# R_star = 4340000000000.0
# Rsun = 70000000000.0
# omega_obs = -40.39999999999998
# omega_PL = 310.4
# Mdot_wind_msun_per_yr = 1e-05
# Mdot_wind_g_s = 6.301081197556215e+20
# beta = 1.75
# phase_def = 0.5
# wake_factor_density = 3.0
# wake_extension = 0.1
# streamlines_rg_fac = 10.0
# roch_lobe_limit = 0.7
# zeta_def = 0.5
# along_streamlines = 0
# dynamic_width = 1
# wake_phase_width = 0.2
# streamlines_lim_def = 25000000000000.0
# map_n_pix = 400
# N_points_to_find_intersections_with_orbit = 200
# GEOMETRY = 1
# src = GX 301−2
# mob = 50.0
# Porb_day = 41.47
# md_msunyr = 1e-5
# md_val = 1e-05
# Mdot_wind = 6.301081197556215e+20
# NH_min_plot = 1e+23
# NH_max_plot = 1.2e+25
# v_p = 55299030.66833218
# Msum = 6.821625694994001e+27
# R_star_cm = 4340000000000.0
# R_max_def = 130419110824341.62
# v_inf = 30500000.0
# N_steps_from_observer = 3912
# ------------------------------
# phase  Nh_cm2  Nh_normalized Nh_normalized1
0.000000  5.264712e+23  5.562132e-01  1.854044e-02
0.008065  5.616690e+23  5.933994e-01  1.977998e-02
0.016129  6.050474e+23  6.392283e-01  2.130761e-02
0.024194  6.536323e+23  6.905579e-01  2.301860e-02
0.032258  7.169168e+23  7.574176e-01  2.524725e-02
0.040323  7.931236e+23  8.379295e-01  2.793098e-02
0.048387  8.922239e+23  9.426284e-01  3.142095e-02
0.056452  9.877017e+23  1.043500e+00  3.478333e-02
0.064516  9.661239e+23  1.020703e+00  3.402344e-02
0.072581  9.432336e+23  9.965197e-01  3.321732e-02
0.080645  9.239726e+23  9.761707e-01  3.253902e-02
0.088710  5.386832e+23  5.691150e-01  1.897050e-02
0.096774  5.533522e+23  5.846128e-01  1.948709e-02
0.104839  5.686200e+23  6.007430e-01  2.002477e-02
0.112903  5.843328e+23  6.173435e-01  2.057812e-02
0.120968  6.002802e+23  6.341919e-01  2.113973e-02
0.129032  6.161989e+23  6.510099e-01  2.170033e-02
0.137097  6.317764e+23  6.674674e-01  2.224891e-02
0.145161  6.466580e+23  6.831897e-01  2.277299e-02
0.153226  6.604570e+23  6.977682e-01  2.325894e-02
0.161290  6.727687e+23  7.107754e-01  2.369251e-02
0.169355  6.831897e+23  7.217851e-01  2.405950e-02
0.177419  6.913404e+23  7.303963e-01  2.434654e-02
0.185484  6.968895e+23  7.362589e-01  2.454196e-02
0.193548  6.995779e+23  7.390991e-01  2.463664e-02
0.201613  6.992388e+23  7.387410e-01  2.462470e-02
0.209677  6.958118e+23  7.351203e-01  2.450401e-02
0.217742  6.893469e+23  7.282902e-01  2.427634e-02
0.225806  6.800007e+23  7.184160e-01  2.394720e-02
0.233871  6.680222e+23  7.057608e-01  2.352536e-02
0.241935  6.537326e+23  6.906640e-01  2.302213e-02
0.250000  6.375011e+23  6.735154e-01  2.245051e-02
0.258065  6.197195e+23  6.547294e-01  2.182431e-02
0.266129  6.007802e+23  6.347201e-01  2.115734e-02
0.274194  5.810562e+23  6.138818e-01  2.046273e-02
0.282258  5.608878e+23  5.925741e-01  1.975247e-02
0.290323  5.405739e+23  5.711126e-01  1.903709e-02
0.298387  5.203674e+23  5.497646e-01  1.832549e-02
0.306452  5.004752e+23  5.287485e-01  1.762495e-02
0.314516  4.810601e+23  5.082366e-01  1.694122e-02
0.322581  4.622452e+23  4.883589e-01  1.627863e-02
0.330645  4.441191e+23  4.692088e-01  1.564029e-02
0.338710  4.267407e+23  4.508486e-01  1.502829e-02
0.346774  4.101446e+23  4.333149e-01  1.444383e-02
0.354839  3.943462e+23  4.166240e-01  1.388747e-02
0.362903  3.793456e+23  4.007759e-01  1.335920e-02
0.370968  3.651312e+23  3.857586e-01  1.285862e-02
0.379032  3.516833e+23  3.715509e-01  1.238503e-02
0.387097  3.389757e+23  3.581255e-01  1.193752e-02
0.395161  3.269785e+23  3.454505e-01  1.151502e-02
0.403226  3.156591e+23  3.334917e-01  1.111639e-02
0.411290  3.049839e+23  3.222134e-01  1.074045e-02
0.419355  2.949187e+23  3.115795e-01  1.038598e-02
0.427419  2.854296e+23  3.015544e-01  1.005181e-02
0.435484  2.764838e+23  2.921032e-01  9.736775e-03
0.443548  2.680495e+23  2.831924e-01  9.439747e-03
0.451613  2.600962e+23  2.747898e-01  9.159659e-03
0.459677  2.525950e+23  2.668648e-01  8.895494e-03
0.467742  2.455186e+23  2.593887e-01  8.646291e-03
0.475806  2.388415e+23  2.523344e-01  8.411147e-03
0.483871  2.325396e+23  2.456764e-01  8.189214e-03
0.491935  2.265903e+23  2.393911e-01  7.979703e-03
0.500000  2.209729e+23  2.334563e-01  7.781878e-03
0.508065  2.156678e+23  2.278515e-01  7.595052e-03
0.516129  2.106570e+23  2.225577e-01  7.418590e-03
0.524194  2.059238e+23  2.175571e-01  7.251903e-03
0.532258  2.014527e+23  2.128334e-01  7.094447e-03
0.540323  1.972294e+23  2.083715e-01  6.945716e-03
0.548387  1.932406e+23  2.041574e-01  6.805246e-03
0.556452  1.894743e+23  2.001783e-01  6.672608e-03
0.564516  1.859191e+23  1.964223e-01  6.547409e-03
0.572581  1.825649e+23  1.928786e-01  6.429286e-03
0.580645  1.794023e+23  1.895372e-01  6.317908e-03
0.588710  1.764225e+23  1.863891e-01  6.212970e-03
0.596774  1.736177e+23  1.834259e-01  6.114197e-03
0.604839  1.709809e+23  1.806401e-01  6.021336e-03
0.612903  2.814764e+23  2.973779e-01  9.912596e-03
0.620968  2.773143e+23  2.929806e-01  9.766021e-03
0.629032  2.734481e+23  2.888960e-01  9.629868e-03
0.637097  2.698677e+23  2.851133e-01  9.503777e-03
0.645161  2.665641e+23  2.816232e-01  9.387439e-03
0.653226  2.635301e+23  2.784178e-01  9.280592e-03
0.661290  2.607595e+23  2.754906e-01  9.183019e-03
0.669355  2.582473e+23  2.728365e-01  9.094550e-03
0.677419  2.559901e+23  2.704518e-01  9.015059e-03
0.685484  2.535968e+23  2.679232e-01  8.930775e-03
0.693548  2.518426e+23  2.660700e-01  8.869000e-03
0.701613  2.503399e+23  2.644824e-01  8.816080e-03
0.709677  2.486959e+23  2.627455e-01  8.758182e-03
0.717742  2.473016e+23  2.612724e-01  8.709080e-03
0.725806  2.465625e+23  2.604915e-01  8.683050e-03
0.733871  2.452749e+23  2.591312e-01  8.637706e-03
0.741935  2.446527e+23  2.584739e-01  8.615796e-03
0.750000  2.438795e+23  2.576570e-01  8.588567e-03
0.758065  2.433699e+23  2.571186e-01  8.570619e-03
0.766129  2.431323e+23  2.568676e-01  8.562253e-03
0.774194  2.431775e+23  2.569153e-01  8.563843e-03
0.782258  2.430519e+23  2.567827e-01  8.559423e-03
0.790323  2.432065e+23  2.569459e-01  8.564864e-03
0.798387  2.431512e+23  2.568875e-01  8.562918e-03
0.806452  2.438823e+23  2.576599e-01  8.588665e-03
0.814516  2.443838e+23  2.581898e-01  8.606327e-03
0.822581  2.457411e+23  2.596238e-01  8.654125e-03
0.830645  2.468394e+23  2.607841e-01  8.692803e-03
0.838710  2.482310e+23  2.622543e-01  8.741809e-03
0.846774  2.499164e+23  2.640350e-01  8.801166e-03
0.854839  2.518899e+23  2.661199e-01  8.870663e-03
0.862903  2.549465e+23  2.693492e-01  8.978305e-03
0.870968  2.583897e+23  2.729870e-01  9.099565e-03
0.879032  2.622041e+23  2.770168e-01  9.233894e-03
0.887097  2.674222e+23  2.825297e-01  9.417657e-03
0.895161  2.731385e+23  2.885690e-01  9.618966e-03
0.903226  2.792898e+23  2.950677e-01  9.835591e-03
0.911290  2.872694e+23  3.034981e-01  1.011660e-02
0.919355  2.974936e+23  3.142999e-01  1.047666e-02
0.927419  3.104876e+23  3.280280e-01  1.093427e-02
0.935484  3.223681e+23  3.405797e-01  1.135266e-02
0.943548  3.397160e+23  3.589076e-01  1.196359e-02
0.951613  3.582638e+23  3.785032e-01  1.261677e-02
0.959677  3.774181e+23  3.987396e-01  1.329132e-02
0.967742  4.042264e+23  4.270623e-01  1.423541e-02
0.975806  4.314619e+23  4.558364e-01  1.519455e-02
0.983871  4.575755e+23  4.834253e-01  1.611418e-02
0.991935  4.911948e+23  5.189439e-01  1.729813e-02
1.000000  5.264712e+23  5.562132e-01  1.854044e-02
